S = [];
S.nu = 1;
S.nx = 12;
S.ny = 0;
S.nw = 32;
S.InputName = {'inflow'};
S.InputKind = {'r'};
S.InputLength = {1};
S.StateName = {'M1.T1.x', 'M1.T2.x', 'M2.T1.x', 'M2.T2.x', 'M3.T1.x', 'M3.T2.x', 'M4.T1.x', 'M4.T2.x', 'T1.x', 'T2.x', 'T3.x', 'T4.x'};
S.StateKind = {'r', 'r', 'r', 'r', 'r', 'r', 'r', 'r', 'r', 'r', 'r', 'r'};
S.StateLength = {1, 1, 1, 1, 1, 1, 1, 1, 1, 1, 1, 1};
S.OutputName = {};
S.OutputKind = {};
S.OutputLength = {};
S.AuxName = {'M1.T1.inflow', 'M1.T1.outflow', 'M1.T2.inflow', 'M1.T2.outflow', 'M1.inflow', 'M1.outflow', 'M2.T1.inflow', 'M2.T1.outflow', 'M2.T2.inflow', 'M2.T2.outflow', 'M2.inflow', 'M2.outflow', 'M3.T1.inflow', 'M3.T1.outflow', 'M3.T2.inflow', 'M3.T2.outflow', 'M3.inflow', 'M3.outflow', 'M4.T1.inflow', 'M4.T1.outflow', 'M4.T2.inflow', 'M4.T2.outflow', 'M4.inflow', 'M4.outflow', 'T1.inflow', 'T1.outflow', 'T2.inflow', 'T2.outflow', 'T3.inflow', 'T3.outflow', 'T4.inflow', 'T4.outflow'};
S.AuxKind = {'r', 'r', 'r', 'r', 'r', 'r', 'r', 'r', 'r', 'r', 'r', 'r', 'r', 'r', 'r', 'r', 'r', 'r', 'r', 'r', 'r', 'r', 'r', 'r', 'r', 'r', 'r', 'r', 'r', 'r', 'r', 'r'};
S.AuxLength = {1, 1, 1, 1, 1, 1, 1, 1, 1, 1, 1, 1, 1, 1, 1, 1, 1, 1, 1, 1, 1, 1, 1, 1, 1, 1, 1, 1, 1, 1, 1, 1};
S.ParameterName = {};
S.ParameterKind = {};
S.ParameterLength = {};
S.xl = [-0;-0;-0;-0;-0;-0;-0;-0;-0;-0;-0;-0];
S.xu = [1;1;1;1;1;1;1;1;1;1;1;1];
S.ul = -0;
S.uu = 0.5;
S.yl = zeros(0,1);
S.yu = zeros(0,1);
S.wl = [-0;-10000;-0;-10000;-0;-10000;-0;-10000;-0;-10000;-0;-10000;-0;-10000;-0;-10000;-0;-10000;-0;-10000;-0;-10000;-0;-10000;-0;-10000;-0;-10000;-0;-10000;-0;-10000];
S.wu = [0.5;10000;0.5;10000;0.5;10000;0.5;10000;0.5;10000;0.5;10000;0.5;10000;0.5;10000;0.5;10000;0.5;10000;0.5;10000;0.5;10000;0.5;10000;0.5;10000;0.5;10000;0.5;10000];
S.j.xr = [1;2;3;4;5;6;7;8;9;10;11;12];
S.j.xb = [];
S.j.ur = 1;
S.j.ub = [];
S.j.yr = [];
S.j.yb = [];
S.j.d = [];
S.j.z = [1;2;3;4;5;6;7;8;9;10;11;12;13;14;15;16;17;18;19;20;21;22;23;24;25;26;27;28;29;30;31;32];
S.j.w_auto_bin = zeros(1,0);
S.j.eq = [1 2 3 4 5 6 7 8 9 10 11 12 13 14 15 16 17 18 19 20 21 22 23 24 25 26 27 28 29 30 31 32];
S.j.ineq = [33 34 35 36 37 38 39 40 41 42 43 44 45 46 47 48 49 50 51 52 53 54 55 56 57 58 59 60 61 62 63 64 65 66 67 68 69 70 71 72 73 74 75 76 77 78 79 80 81 82 83 84 85 86 87 88 89 90 91 92 93 94 95 96 97 98 99 100 101 102 103 104 105 106 107 108 109 110 111 112 113 114 115 116 117 118 119 120 121 122];
S.J.X = 'rrrrrrrrrrrr';
S.J.U = 'r';
S.J.Y = [];
S.J.W = 'rrrrrrrrrrrrrrrrrrrrrrrrrrrrrrrr';
S.nxb = 0;
S.nxr = 12;
S.nub = 0;
S.nur = 1;
S.nyb = 0;
S.nyr = 0;
S.nd = 0;
S.nz = 32;
S.A = [0.5 0 0 0 0 0 0 0 0 0 0 0;0 0.5 0 0 0 0 0 0 0 0 0 0;0 0 0.5 0 0 0 0 0 0 0 0 0;0 0 0 0.5 0 0 0 0 0 0 0 0;0 0 0 0 0.5 0 0 0 0 0 0 0;0 0 0 0 0 0.5 0 0 0 0 0 0;0 0 0 0 0 0 0.5 0 0 0 0 0;0 0 0 0 0 0 0 0.5 0 0 0 0;0 0 0 0 0 0 0 0 0.5 0 0 0;0 0 0 0 0 0 0 0 0 0.5 0 0;0 0 0 0 0 0 0 0 0 0 0.5 0;0 0 0 0 0 0 0 0 0 0 0 0.5];
S.Bu = [0;0;0;0;0;0;0;0;0;0;0;0];
S.Baux = [1 0 0 0 0 0 0 0 0 0 0 0 0 0 0 0 0 0 0 0 0 0 0 0 0 0 0 0 0 0 0 0;0 0 1 0 0 0 0 0 0 0 0 0 0 0 0 0 0 0 0 0 0 0 0 0 0 0 0 0 0 0 0 0;0 0 0 0 0 0 1 0 0 0 0 0 0 0 0 0 0 0 0 0 0 0 0 0 0 0 0 0 0 0 0 0;0 0 0 0 0 0 0 0 1 0 0 0 0 0 0 0 0 0 0 0 0 0 0 0 0 0 0 0 0 0 0 0;0 0 0 0 0 0 0 0 0 0 0 0 1 0 0 0 0 0 0 0 0 0 0 0 0 0 0 0 0 0 0 0;0 0 0 0 0 0 0 0 0 0 0 0 0 0 1 0 0 0 0 0 0 0 0 0 0 0 0 0 0 0 0 0;0 0 0 0 0 0 0 0 0 0 0 0 0 0 0 0 0 0 1 0 0 0 0 0 0 0 0 0 0 0 0 0;0 0 0 0 0 0 0 0 0 0 0 0 0 0 0 0 0 0 0 0 1 0 0 0 0 0 0 0 0 0 0 0;0 0 0 0 0 0 0 0 0 0 0 0 0 0 0 0 0 0 0 0 0 0 0 0 1 0 0 0 0 0 0 0;0 0 0 0 0 0 0 0 0 0 0 0 0 0 0 0 0 0 0 0 0 0 0 0 0 0 1 0 0 0 0 0;0 0 0 0 0 0 0 0 0 0 0 0 0 0 0 0 0 0 0 0 0 0 0 0 0 0 0 0 1 0 0 0;0 0 0 0 0 0 0 0 0 0 0 0 0 0 0 0 0 0 0 0 0 0 0 0 0 0 0 0 0 0 1 0];
S.Baff = [0;0;0;0;0;0;0;0;0;0;0;0];
S.C = zeros(0,12);
S.Du = zeros(0,1);
S.Daux = zeros(0,32);
S.Daff = zeros(0,1);
S.Ex = [-0.5 -0 -0 -0 -0 -0 -0 -0 -0 -0 -0 -0;-0 -0.5 -0 -0 -0 -0 -0 -0 -0 -0 -0 -0;-0 -0 -0 -0 -0 -0 -0 -0 -0 -0 -0 -0;-0 -0 -0 -0 -0 -0 -0 -0 -0 -0 -0 -0;-0 -0 -0 -0 -0 -0 -0 -0 -0 -0 -0 -0;-0 -0 -0.5 -0 -0 -0 -0 -0 -0 -0 -0 -0;-0 -0 -0 -0.5 -0 -0 -0 -0 -0 -0 -0 -0;-0 -0 -0 -0 -0 -0 -0 -0 -0 -0 -0 -0;-0 -0 -0 -0 -0 -0 -0 -0 -0 -0 -0 -0;-0 -0 -0 -0 -0 -0 -0 -0 -0 -0 -0 -0;-0 -0 -0 -0 -0.5 -0 -0 -0 -0 -0 -0 -0;-0 -0 -0 -0 -0 -0.5 -0 -0 -0 -0 -0 -0;-0 -0 -0 -0 -0 -0 -0 -0 -0 -0 -0 -0;-0 -0 -0 -0 -0 -0 -0 -0 -0 -0 -0 -0;-0 -0 -0 -0 -0 -0 -0 -0 -0 -0 -0 -0;-0 -0 -0 -0 -0 -0 -0.5 -0 -0 -0 -0 -0;-0 -0 -0 -0 -0 -0 -0 -0.5 -0 -0 -0 -0;-0 -0 -0 -0 -0 -0 -0 -0 -0 -0 -0 -0;-0 -0 -0 -0 -0 -0 -0 -0 -0 -0 -0 -0;-0 -0 -0 -0 -0 -0 -0 -0 -0 -0 -0 -0;-0 -0 -0 -0 -0 -0 -0 -0 -0.5 -0 -0 -0;-0 -0 -0 -0 -0 -0 -0 -0 -0 -0.5 -0 -0;-0 -0 -0 -0 -0 -0 -0 -0 -0 -0 -0.5 -0;-0 -0 -0 -0 -0 -0 -0 -0 -0 -0 -0 -0.5;-0 -0 -0 -0 -0 -0 -0 -0 -0 -0 -0 -0;-0 -0 -0 -0 -0 -0 -0 -0 -0 -0 -0 -0;-0 -0 -0 -0 -0 -0 -0 -0 -0 -0 -0 -0;-0 -0 -0 -0 -0 -0 -0 -0 -0 -0 -0 -0;-0 -0 -0 -0 -0 -0 -0 -0 -0 -0 -0 -0;-0 -0 -0 -0 -0 -0 -0 -0 -0 -0 -0 -0;-0 -0 -0 -0 -0 -0 -0 -0 -0 -0 -0 -0;-0 -0 -0 -0 -0 -0 -0 -0 -0 -0 -0 -0;-1 -0 -0 -0 -0 -0 -0 -0 -0 -0 -0 -0;1 -0 -0 -0 -0 -0 -0 -0 -0 -0 -0 -0;-0 -0 -0 -0 -0 -0 -0 -0 -0 -0 -0 -0;-0 -0 -0 -0 -0 -0 -0 -0 -0 -0 -0 -0;-0 -0 -0 -0 -0 -0 -0 -0 -0 -0 -0 -0;-0 -0 -0 -0 -0 -0 -0 -0 -0 -0 -0 -0;-0 -1 -0 -0 -0 -0 -0 -0 -0 -0 -0 -0;-0 1 -0 -0 -0 -0 -0 -0 -0 -0 -0 -0;-0 -0 -0 -0 -0 -0 -0 -0 -0 -0 -0 -0;-0 -0 -0 -0 -0 -0 -0 -0 -0 -0 -0 -0;-0 -0 -0 -0 -0 -0 -0 -0 -0 -0 -0 -0;-0 -0 -0 -0 -0 -0 -0 -0 -0 -0 -0 -0;-0 -0 -0 -0 -0 -0 -0 -0 -0 -0 -0 -0;-0 -0 -0 -0 -0 -0 -0 -0 -0 -0 -0 -0;-0 -0 -0 -0 -0 -0 -0 -0 -0 -0 -0 -0;-0 -0 -0 -0 -0 -0 -0 -0 -0 -0 -0 -0;-0 -0 -1 -0 -0 -0 -0 -0 -0 -0 -0 -0;-0 -0 1 -0 -0 -0 -0 -0 -0 -0 -0 -0;-0 -0 -0 -0 -0 -0 -0 -0 -0 -0 -0 -0;-0 -0 -0 -0 -0 -0 -0 -0 -0 -0 -0 -0;-0 -0 -0 -0 -0 -0 -0 -0 -0 -0 -0 -0;-0 -0 -0 -0 -0 -0 -0 -0 -0 -0 -0 -0;-0 -0 -0 -1 -0 -0 -0 -0 -0 -0 -0 -0;-0 -0 -0 1 -0 -0 -0 -0 -0 -0 -0 -0;-0 -0 -0 -0 -0 -0 -0 -0 -0 -0 -0 -0;-0 -0 -0 -0 -0 -0 -0 -0 -0 -0 -0 -0;-0 -0 -0 -0 -0 -0 -0 -0 -0 -0 -0 -0;-0 -0 -0 -0 -0 -0 -0 -0 -0 -0 -0 -0;-0 -0 -0 -0 -0 -0 -0 -0 -0 -0 -0 -0;-0 -0 -0 -0 -0 -0 -0 -0 -0 -0 -0 -0;-0 -0 -0 -0 -0 -0 -0 -0 -0 -0 -0 -0;-0 -0 -0 -0 -0 -0 -0 -0 -0 -0 -0 -0;-0 -0 -0 -0 -1 -0 -0 -0 -0 -0 -0 -0;-0 -0 -0 -0 1 -0 -0 -0 -0 -0 -0 -0;-0 -0 -0 -0 -0 -0 -0 -0 -0 -0 -0 -0;-0 -0 -0 -0 -0 -0 -0 -0 -0 -0 -0 -0;-0 -0 -0 -0 -0 -0 -0 -0 -0 -0 -0 -0;-0 -0 -0 -0 -0 -0 -0 -0 -0 -0 -0 -0;-0 -0 -0 -0 -0 -1 -0 -0 -0 -0 -0 -0;-0 -0 -0 -0 -0 1 -0 -0 -0 -0 -0 -0;-0 -0 -0 -0 -0 -0 -0 -0 -0 -0 -0 -0;-0 -0 -0 -0 -0 -0 -0 -0 -0 -0 -0 -0;-0 -0 -0 -0 -0 -0 -0 -0 -0 -0 -0 -0;-0 -0 -0 -0 -0 -0 -0 -0 -0 -0 -0 -0;-0 -0 -0 -0 -0 -0 -0 -0 -0 -0 -0 -0;-0 -0 -0 -0 -0 -0 -0 -0 -0 -0 -0 -0;-0 -0 -0 -0 -0 -0 -0 -0 -0 -0 -0 -0;-0 -0 -0 -0 -0 -0 -0 -0 -0 -0 -0 -0;-0 -0 -0 -0 -0 -0 -1 -0 -0 -0 -0 -0;-0 -0 -0 -0 -0 -0 1 -0 -0 -0 -0 -0;-0 -0 -0 -0 -0 -0 -0 -0 -0 -0 -0 -0;-0 -0 -0 -0 -0 -0 -0 -0 -0 -0 -0 -0;-0 -0 -0 -0 -0 -0 -0 -0 -0 -0 -0 -0;-0 -0 -0 -0 -0 -0 -0 -0 -0 -0 -0 -0;-0 -0 -0 -0 -0 -0 -0 -1 -0 -0 -0 -0;-0 -0 -0 -0 -0 -0 -0 1 -0 -0 -0 -0;-0 -0 -0 -0 -0 -0 -0 -0 -0 -0 -0 -0;-0 -0 -0 -0 -0 -0 -0 -0 -0 -0 -0 -0;-0 -0 -0 -0 -0 -0 -0 -0 -0 -0 -0 -0;-0 -0 -0 -0 -0 -0 -0 -0 -0 -0 -0 -0;-0 -0 -0 -0 -0 -0 -0 -0 -0 -0 -0 -0;-0 -0 -0 -0 -0 -0 -0 -0 -0 -0 -0 -0;-0 -0 -0 -0 -0 -0 -0 -0 -0 -0 -0 -0;-0 -0 -0 -0 -0 -0 -0 -0 -0 -0 -0 -0;-0 -0 -0 -0 -0 -0 -0 -0 -1 -0 -0 -0;-0 -0 -0 -0 -0 -0 -0 -0 1 -0 -0 -0;-0 -0 -0 -0 -0 -0 -0 -0 -0 -0 -0 -0;-0 -0 -0 -0 -0 -0 -0 -0 -0 -0 -0 -0;-0 -0 -0 -0 -0 -0 -0 -0 -0 -0 -0 -0;-0 -0 -0 -0 -0 -0 -0 -0 -0 -0 -0 -0;-0 -0 -0 -0 -0 -0 -0 -0 -0 -1 -0 -0;-0 -0 -0 -0 -0 -0 -0 -0 -0 1 -0 -0;-0 -0 -0 -0 -0 -0 -0 -0 -0 -0 -0 -0;-0 -0 -0 -0 -0 -0 -0 -0 -0 -0 -0 -0;-0 -0 -0 -0 -0 -0 -0 -0 -0 -0 -0 -0;-0 -0 -0 -0 -0 -0 -0 -0 -0 -0 -0 -0;-0 -0 -0 -0 -0 -0 -0 -0 -0 -0 -1 -0;-0 -0 -0 -0 -0 -0 -0 -0 -0 -0 1 -0;-0 -0 -0 -0 -0 -0 -0 -0 -0 -0 -0 -0;-0 -0 -0 -0 -0 -0 -0 -0 -0 -0 -0 -0;-0 -0 -0 -0 -0 -0 -0 -0 -0 -0 -0 -0;-0 -0 -0 -0 -0 -0 -0 -0 -0 -0 -0 -0;-0 -0 -0 -0 -0 -0 -0 