S = [];
S.nu = 8;
S.nx = 2;
S.ny = 0;
S.nw = 20;
S.InputName = {'torque', 'F_brake', 'gear1', 'gear2', 'gear3', 'gear4', 'gear5', 'gearR'};
S.InputKind = {'r', 'r', 'b', 'b', 'b', 'b', 'b', 'b'};
S.InputLength = {1, 1, 1, 1, 1, 1, 1, 1};
S.StateName = {'position', 'speed'};
S.StateKind = {'r', 'r'};
S.StateLength = {1, 1};
S.OutputName = {};
S.OutputKind = {};
S.OutputLength = {};
S.AuxName = {'Fe1', 'Fe2', 'Fe3', 'Fe4', 'Fe5', 'FeR', 'w1', 'w2', 'w3', 'w4', 'w5', 'wR', 'dPWL1', 'dPWL2', 'dPWL3', 'dPWL4', 'DCe1', 'DCe2', 'DCe3', 'DCe4'};
S.AuxKind = {'r', 'r', 'r', 'r', 'r', 'r', 'r', 'r', 'r', 'r', 'r', 'r', 'b', 'b', 'b', 'b', 'r', 'r', 'r', 'r'};
S.AuxLength = {1, 1, 1, 1, 1, 1, 1, 1, 1, 1, 1, 1, 1, 1, 1, 1, 1, 1, 1, 1};
S.ParameterName = {};
S.ParameterKind = {};
S.ParameterLength = {};
S.xl = [-1000;-13.88888889];
S.xu = [1000;61.11111111];
S.ul = [-300;-0;0;0;0;0;0;0];
S.uu = [300;8700.6;1;1;1;1;1;1];
S.yl = zeros(0,1);
S.yu = zeros(0,1);
S.wl = [-13657.18261;-7504.469958;-4840.529695;-3558.027504;-2770.204731;-12989.91504;-10.47166667;-10.47166667;-10.47166667;-10.47166667;-10.47166667;-10.47166667;0;0;0;0;-2493.936162;-1962.47504;-560.4065478;-669.7850496];
S.wu = [13657.18261;7504.469958;4840.529695;3558.027504;2770.204731;12989.91504;628.3;628.3;628.3;628.3;564.3009636;601.3849555;1;1;1;1;101.692171;128.769987;51.364005;79.680649];
S.j.xr = [1;2];
S.j.xb = [];
S.j.ur = [1;2];
S.j.ub = [3;4;5;6;7;8];
S.j.yr = [];
S.j.yb = [];
S.j.d = [13 14 15 16];
S.j.z = [1 2 3 4 5 6 7 8 9 10 11 12 17 18 19 20];
S.j.w_auto_bin = zeros(1,0);
S.j.eq = zeros(1,0);
S.j.ineq = [1 2 3 4 5 6 7 8 9 10 11 12 13 14 15 16 17 18 19 20 21 22 23 24 25 26 27 28 29 30 31 32 33 34 35 36 37 38 39 40 41 42 43 44 45 46 47 48 49 50 51 52 53 54 55 56 57 58 59 60 61 62 63 64 65 66 67 68 69 70 71 72 73 74 75 76 77 78 79 80 81 82 83 84 85 86 87 88 89 90 91 92 93 94 95 96];
S.J.X = 'rr';
S.J.U = 'rrbbbbbb';
S.J.Y = [];
S.J.W = 'rrrrrrrrrrrrbbbbrrrr';
S.nxb = 0;
S.nxr = 2;
S.nub = 6;
S.nur = 2;
S.nyb = 0;
S.nyr = 0;
S.nd = 4;
S.nz = 16;
S.A = [1 0.5;0 0.987745098];
S.Bu = [0 0 0 0 0 0 0 0;0 -0.0004901960784 0 0 0 0 0 0];
S.Baux = [0 0 0 0 0 0 0 0 0 0 0 0 0 0 0 0 0 0 0 0;0.0004901960784 0.0004901960784 0.0004901960784 0.0004901960784 0.0004901960784 0.0004901960784 0 0 0 0 0 0 0 0 0 0 0 0 0 0];
S.Baff = [0;0];
S.C = zeros(0,2);
S.Du = zeros(0,8);
S.Daux = zeros(0,20);
S.Daff = zeros(0,1);
S.Ex = [-0 -0;-0 -0;-0 -0;-0 -0;-0 -0;-0 -0;-0 -0;-0 -0;-0 -0;-0 -0;-0 -0;-0 -0;-0 -0;-0 -0;-0 -0;-0 -0;-0 -0;-0 -0;-0 -0;-0 -0;-0 -0;-0 -0;-0 -0;-0 -0;-0 -0;-0 -0;-0 -0;-0 -0;-0 -0;-0 -0;-0 -0;-0 -0;-0 45.52394202;-0 -45.52394202;-0 -0;-0 -0;-0 25.01489986;-0 -25.01489986;-0 -0;-0 -0;-0 16.13509898;-0 -16.13509898;-0 -0;-0 -0;-0 11.86009168;-0 -11.86009168;-0 -0;-0 -0;-0 9.234015768;-0 -9.234015768;-0 -0;-0 -0;-0 -43.2997168;-0 43.2997168;-0 -0;-0 -0;-0 -0;-0 -0;-0 -0;-0 -0;-0 -0;-0 -0;-0 -0;-0 -0;-0 -0;-0 -0;-0 -0;-0 -0;-0 -0;-0 -0;-0 -0;-0 -0;-0 -0;-0 -0;-0 -0;-0 -0;-0 -0;-0 -0;-0 -0;-0 -0;-0 -0;-0 -0;-0 -0;-0 -0;-0 -0;-0 -0;-0 -0;-0 -0;-0 -0;-0 -0;-0 -0;-0 -0;-0 -0;-0 -0;-0 -0;-0 -0];
S.Eu = [-0 -0 -0 -0 -0 -0 -0 -0;-0 -0 -0 -0 -0 -0 -0 -0;-0 -0 -0 -0 -0 -0 -0 -0;-0 -0 -0 -0 -0 -0 -0 -0;-0 -0 -0 -0 -0 -0 -0 -0;-0 -0 -0 -0 -0 -0 -0 -0;-0 -0 -0 -0 -0 -0 -0 -0;-0 -0 -0 -0 -0 -0 -0 -0;45.52394202 -0 13657.18261 -0 -0 -0 -0 -0;-45.52394202 -0 13657.18261 -0 -0 -0 -0 -0;-0 -0 -13657.18261 -0 -0 -0 -0 -0;-0 -0 -13657.18261 -0 -0 -0 -0 -0;25.01489986 -0 -0 7504.469958 -0 -0 -0 -0;-25.01489986 -0 -0 7504.469958 -0 -0 -0 -0;-0 -0 -0 -7504.469958 -0 -0 -0 -0;-0 -0 -0 -7504.469958 -0 -0 -0 -0;16.13509898 -0 -0 -0 4840.529695 -0 -0 -0;-16.13509898 -0 -0 -0 4840.529695 -0 -0 -0;-0 -0 -0 -0 -4840.529695 -0 -0 -0;-0 -0 -0 -0 -4840.529695 -0 -0 -0;11.86009168 -0 -0 -0 -0 3558.027504 -0 -0;-11.86009168 -0 -0 -0 -0 3558.027504 -0 -0;-0 -0 -0 -0 -0 -3558.027504 -0 -0;-0 -0 -0 -0 -0 -3558.027504 -0 -0;9.234015768 -0 -0 -0 -0 -0 2770.204731 -0;-9.234015768 -0 -0 -0 -0 -0 2770.204731 -0;-0 -0 -0 -0 -0 -0 -2770.204731 -0;-0 -0 -0 -0 -0 -0 -2770.204731 -0;-43.2997168 -0 -0 -0 -0 -0 -0 12989.91504;43.2997168 -0 -0 -0 -0 -0 -0 12989.91504;-0 -0 -0 -0 -0 -0 -0 -12989.91504;-0 -0 -0 -0 -0 -0 -0 -12989.91504;-0 -0 2782.018679 -0 -0 -0 -0 -0;-0 -0 632.2769726 -0 -0 -0 -0 -0;-0 -0 -632.2769726 -0 -0 -0 -0 -0;-0 -0 -2782.018679 -0 -0 -0 -0 -0;-0 -0 -0 1528.688325 -0 -0 -0 -0;-0 -0 -0 347.4291647 -0 -0 -0 -0;-0 -0 -0 -347.4291647 -0 -0 -0 -0;-0 -0 -0 -1528.688325 -0 -0 -0 -0;-0 -0 -0 -0 986.0338267 -0 -0 -0;-0 -0 -0 -0 224.098597 -0 -0 -0;-0 -0 -0 -0 -224.098597 -0 -0 -0;-0 -0 -0 -0 -986.0338267 -0 -0 -0;-0 -0 -0 -0 -0 724.7833805 -0 -0;-0 -0 -0 -0 -0 164.7234956 -0 -0;-0 -0 -0 -0 -0 -164.7234956 -0 -0;-0 -0 -0 -0 -0 -724.7833805 -0 -0;-0 -0 -0 -0 -0 -0 564.3009636 -0;-0 -0 -0 -0 -0 -0 128.250219 -0;-0 -0 -0 -0 -0 -0 -128.250219 -0;-0 -0 -0 -0 -0 -0 -564.3009636 -0;-0 -0 -0 -0 -0 -0 -0 601.3849555;-0 -0 -0 -0 -0 -0 -0 2646.093804;-0 -0 -0 -0 -0 -0 -0 -2646.093804;-0 -0 -0 -0 -0 -0 -0 -601.3849555;-0 -0 -0 -0 -0 -0 -0 -0;-0 -0 -0 -0 -0 -0 -0 -0;-0 -0 -0 -0 -0 -0 -0 -0;-0 -0 -0 -0 -0 -0 -0 -0;-0 -0 -0 -0 -0 -0 -0 -0;-0 -0 -0 -0 -0 -0 -0 -0;-0 -0 -0 -0 -0 -0 -0 -0;-0 -0 -0 -0 -0 -0 -0 -0;-0 -0 -0 -0 -0 -0 -0 -0;-0 -0 -0 -0 -0 -0 -0 -0;-0 -0 -0 -0 -0 -0 -0 -0;-0 -0 -0 -0 -0 -0 -0 -0;-0 -0 -0 -0 -0 -0 -0 -0;-0 -0 -0 -0 -0 -0 -0 -0;-0 -0 -0 -0 -0 -0 -0 -0;-0 -0 -0 -0 -0 -0 -0 -0;-0 -0 -0 -0 -0 -0 -0 -0;-0 -0 -0 -0 -0 -0 -0 -0;-0 -0 -0 -0 -0 -0 -0 -0;-0 -0 -0 -0 -0 -0 -0 -0;-0 -0 -0 -0 -0 -0 -0 -0;-0 -0 -0 -0 -0 -0 -0 -0;-0 -0 -0 -0 -0 -0 -0 -0;-0 -0 -0 -0 -0 -0 -0 -0;-0 -0 -0 -0 -0 -0 -0 -0;-0 -0 -0 -0 -0 -0 -0 -0;-0 -0 -0 -0 -0 -0 -0 -0;-0 -0 -0 -0 -0 -0 -0 -0;-0 -1 -0 -0 -0 -0 -0 -0;-0 1 -0 -0 -0 -0 -0 -0;-1 -0 -0 -0 -0 -0 -0 -0;1 -0 -0 -0 -0 -0 -0 -0;-0 -0 -1 -1 -1 -1 -1 -1;-0 -0 1 1 1 1 1 1;-0 -0 -0 -0 -0 -0 -0 -0;-0 -0 -0 -0 -0 -0 -0 -0;-0 -0 -0 -0 -0 -0 -0 -0;-0 -0 -0 -0 -0 -0 -0 -0;-0 -0 -0 -0 -0 -0 -0 -0;-0 -0 -0 -0 -0 -0 -0 -0];
